5602
14232
27820
8790
16118
14930
24239
26720
2768
24372
25140
28863
15823
361
21863
7393
30788
17917
6828
16199
3946
7467
10188
18547
12563
24403
23486
7816
30326
27172
4683
10212
1861
27909
8535
29693
9525
23640
12389
23820
28351
27296
26161
16989
31623
29330
24330
15429
24505
2052
27650
2414
9466
19633
12170
11861
32170
22933
24274
11559
7314
21658
29496
25296
21808
22319
2704
31798
21305
25200
14868
9957
12283
5460
18466
14685
16202
9888
30679
21137
19428
28459
3315
25304
3784
31551
5866
3179
18910
15042
8841
30148
14498
19404
23224
9393
3106
14767
12011
22930
12920
30606
3459
6521
31483
30761
28656
13137
17445
23957
1155
25536
681
11309
18607
29388
21881
449
24537
14058
18408
27320
3485
30204
10437
10181
519
15565
18667
24942
14084
3188
17843
29091
7688
17522
13315
21122
2222
24872
18398
27387
9360
27177
19410
31335
11983
16411
16000
21
30746
12111
4352
14155
9090
20114
22435
20350
31454
7339
23184
25807
3633
26588
8657
23036
15950
5564
29998
10334
13682
830
29212
12304
5052
10021
11091
27386
22449
26324
7877
8946
19753
17809
23195
1050
27715
14713
20805
3091
15579
28220
17038
6406
32654
17513
27566
30011
32590
1782
16299
12462
8358
13034
11712
15056
12154
31779
2092
5168
28623
10034
1290
3124
22779
21966
31154
15449
2034
15646
8278
9354
5703
6177
21999
20697
5471
18928
19961
11778
10697
21551
2625
21360
959
32436
1657
7173
10442
27903
24863
24342
10977
21129
17356
4324
31944
15268
9283
15866
30524
17833
29605
2584
23896
15838
16442
23606
30303
25490
4154
25163
22817
2675
11991
25277
30275
20420
26342
8894
9118
32290
10298
6810
31098
29447
25400
3231
15193
28744
14325
28472
29074
26891
29145
7751
1991
21830
3834
27377
31325
10015
6252
5862
26312
4633
23469
31250
30041
21577
6671
20808
22258
14942
204
22134
31270
28156
20768
3040
19320
17115
27103
17883
27345
17116
668
97
8635
11337
7867
13731
2535
19301
4723
19490
1464
3138
21768
12702
10919
18735
12108
16451
5444
10080
19763
1342
17475
12036
17716
2426
22880
18022
1991
22183
32161
25978
19658
28200
8510
28352
7929
5700
30113
8816
3745
7727
24256
4743
558
9384
19373
28574
28258
29572
31007
30660
30794
59
11606
32686
31885
17087
5160
22745
9366
7171
16508
17421
13089
15305
6834
8887
12627
25370
21986
1497
6471
13427
10243
32761
20920
9301
21916
31827
13581
10065
17615
2077
21156
16758
11081
27463
8435
22636
10449
24971
30474
16323
15071
4019
22174
14578
17016
23202
30660
4333
16908
22579
6692
23574
23850
32262
32031
6044
10393
26866
32120
27436
19506
27202
19627
31087
2380
28240
22817
5820
4940
8134
14195
28910
15154
2801
27478
27481
19132
10708
16816
11952
21751
19389
3858
27519
27022
30415
14417
20191
13424
22255
4674
16988
25911
13664
21508
28631
16013
20401
3708
2541
22237
1759
12997
14416
18106
24392
3168
13099
1811
7034
27858
4210
27374
18549
32234
7183
21868
17637
9950
28661
21403
31159
26487
17551
13232
7195
21515
17714
3255
27871
23186
10312
10238
19184
26517
3578
19887
22011
4358
19909
30107
8970
3393
23675
20329
13
5773
13694
5428
7564
4323
12153
14148
23244
17570
7153
848
12333
23951
2196
11900
28818
10490
21859
25525
12631
24399
24774
32677
13545
13836
22816
32749
9778
20521
29065
27453
6544
31905
14637
20254
16253
24625
14458
30990
17235
12360
29613
3625
18099
10507
18871
9683
31738
28147
31605
32463
22162
18362
7518
13120
25599
14350
12720
17950
216
30845
5235
17205
19615
26384
2157
26818
11480
22369
14566
11586
30251
16607
31844
5200
14827
32281
10054
7417
18816
6745
25309
16641
18530
12108
23854
13074
4000
29987
31640
14650
14788
239
88
13525
15990
18763
32263
300
4039
32279
19694
16087
10100
27646
5212
22073
27747
31294
12505
3938
32349
11456
11660
18393
450
32616
12959
4975
4834
13285
392
13503
8675
18672
1310
13734
14895
5311
8424
26210
18438
4090
1913
17465
14498
17889
27741
22335
10064
30387
6343
27993
631
309
26519
7725
9427
8435
22664
21512
4031
30240
18670
10698
8209
22051
15997
13133
16705
18090
23182
9318
16921
30853
28663
18577
25457
8628
22624
5747
601
13035
2277
999
27994
28709
9589
16463
2844
25425
25722
10630
15767
6905
27521
29859
3557
21642
25097
22343
3171
20610
12461
19220
14414
18049
18520
12894
15602
16801
17485
12272
27494
9566
17984
20817
17062
8450
15760
15784
29439
29090
20367
17108
2078
9389
24453
19372
10533
31726
19716
21672
31363
15557
22784
9651
18714
30671
14788
10885
8776
11314
16830
8959
6533
28777
15615
8460
20900
1496
26256
1513
9239
30132
7586
1216
30836
2859
22129
19985
32043
18701
11897
7509
24116
23148
32032
31284
4415
24251
28428
8390
11122
29958
25740
20371
20079
24667
4464
31326
23046
29127
32654
24035
3613
15414
12607
12805
2210
26837
4671
8649
15308
22423
5507
2638
9888
26018
6843
32026
26858
4003
20543
5690
31273
10664
30245
6352
3451
4475
21007
28972
11487
29852
12698
9246
23812
12908
32089
30204
3657
23418
10562
22374
8829
30088
21766
8910
10031
15630
6773
6707
11289
20550
21269
17870
23398
10195
17782
21440
3217
1943
40
20341
17303
1888
18695
1969
30861
11634
7055
20383
31209
24714
13993
12043
297
26449
2113
32362
1643
1262
25922
31071
2208
21168
8483
4530
32289
17392
18521
1095
1900
27810
14339
22479
22735
1183
31425
11266
16036
14934
3895
28053
25911
11099
4815
2128
17325
13679
9907
19148
11554
13445
17465
1169
28488
8518
11174
23919
17159
1627
28201
19286
11343
9464
18671
28305
12189
759
16022
4384
26530
17738
6592
13664
21667
13998
31588
32298
14052
27271
27731
31123
18363
31115
10611
25642
9673
27344
6602
20603
31549
29536
18124
270
27034
600
27292
13397
30380
18694
22000
12473
23852
8971
26304
25636
12368
31739
15404
11658
30916
9476
24760
3127
31895
9515
21508
24653
2442
22047
17443
25958
6021
9751
27759
6360
19541
28186
29817
15247
25320
30073
4613
8495
13799
737
4158
5793
14714
10897
12214
4386
30604
12829
7123
18140
17541
10579
14437
12116
27191
